1.0000	0.9239	0.9326	0.9138	0.9089	0.9174	0.9220	0.9266	0.9344	0.9316
0.9239	1.0000	0.9065	0.9424	0.9061	0.9026	0.9447	0.9376	0.9435	0.9338
0.9326	0.9065	1.0000	0.8983	0.8945	0.9130	0.9026	0.9159	0.9189	0.9262
0.9138	0.9424	0.8983	1.0000	0.9235	0.9047	0.9542	0.9417	0.9475	0.9268
0.9089	0.9061	0.8945	0.9235	1.0000	0.9282	0.9124	0.9337	0.9298	0.9188
0.9174	0.9026	0.9130	0.9047	0.9282	1.0000	0.9026	0.9292	0.9200	0.9220
0.9220	0.9447	0.9026	0.9542	0.9124	0.9026	1.0000	0.9312	0.9449	0.9179
0.9266	0.9376	0.9159	0.9417	0.9337	0.9292	0.9312	1.0000	0.9483	0.9501
0.9344	0.9435	0.9189	0.9475	0.9298	0.9200	0.9449	0.9483	1.0000	0.9445
0.9316	0.9338	0.9262	0.9268	0.9188	0.9220	0.9179	0.9501	0.9445	1.0000
