/Users/ddayan/Science/programs/fastPHASE ../genotype_data/chr28.fastphase 
106276505	-4099.226311
1630308878	-4106.691530
857460473	-4115.872256
1722898341	-4126.831628
82921039	-4153.271533
2084499217	-4101.368619
130122961	-4105.068213
838252881	-4118.646698
1023446647	-4136.776710
1871267306	-4225.740865
491601627	-4168.192974
978954980	-4121.534218
1424129193	-4146.970874
1634100936	-4226.802953
166069869	-4132.774703
1555030830	-4131.726444
527175820	-4147.796792
1873962865	-4128.977633
698705153	-4092.943949
696924675	-4125.046731
