	late-summer	early-summer	winter	halfounder
OA19_3410a	1	0	0	0
OA19_3410b	1	0	0	0
OA19_4154a	1	0	0	0
OA19_4154b	1	0	0	0
OA19_4253a	1	0	0	0
OA19_4253b	1	0	0	0
OA19_4557a	1	0	0	0
OA19_4557b	1	0	0	0
OA19_4845a	1	0	0	0
OA19_4845b	1	0	0	0
OA19_4928a	1	0	0	0
OA19_4928b	1	0	0	0
OA19_4971a	1	0	0	0
OA19_4971b	1	0	0	0
OA19_5056a	1	0	0	0
OA19_5056b	1	0	0	0
OA19_5250a	1	0	0	0
OA19_5250b	1	0	0	0
OA19_5417a	1	0	0	0
OA19_5417b	1	0	0	0
OA19_5469a	1	0	0	0
OA19_5469b	1	0	0	0
OA19_5531a	1	0	0	0
OA19_5531b	1	0	0	0
OA19_5609a	1	0	0	0
OA19_5609b	1	0	0	0
OA19_3420a	1	0	0	0
OA19_3420b	1	0	0	0
OA19_4163a	1	0	0	0
OA19_4163b	1	0	0	0
OA19_4254a	1	0	0	0
OA19_4254b	1	0	0	0
OA19_4568a	1	0	0	0
OA19_4568b	1	0	0	0
OA19_4846a	1	0	0	0
OA19_4846b	1	0	0	0
OA19_5064a	1	0	0	0
OA19_5064b	1	0	0	0
OA19_5287a	1	0	0	0
OA19_5287b	1	0	0	0
OA19_5434a	1	0	0	0
OA19_5434b	1	0	0	0
OA19_5532a	1	0	0	0
OA19_5532b	1	0	0	0
OA19_5614a	1	0	0	0
OA19_5614b	1	0	0	0
OA19_4038a	1	0	0	0
OA19_4038b	1	0	0	0
OA19_4239a	1	0	0	0
OA19_4239b	1	0	0	0
OA19_4287a	1	0	0	0
OA19_4287b	1	0	0	0
OA19_4593a	1	0	0	0
OA19_4593b	1	0	0	0
OA19_4967a	1	0	0	0
OA19_4967b	1	0	0	0
OA19_5083a	1	0	0	0
OA19_5083b	1	0	0	0
OA19_5320a	1	0	0	0
OA19_5320b	1	0	0	0
OA19_5445a	1	0	0	0
OA19_5445b	1	0	0	0
OA19_5494a	1	0	0	0
OA19_5494b	1	0	0	0
OA19_5542a	1	0	0	0
OA19_5542b	1	0	0	0
OA19_5620a	1	0	0	0
OA19_5620b	1	0	0	0
OA19_4044a	1	0	0	0
OA19_4044b	1	0	0	0
OA19_4242a	1	0	0	0
OA19_4242b	1	0	0	0
OA19_4306a	1	0	0	0
OA19_4306b	1	0	0	0
OA19_4607a	1	0	0	0
OA19_4607b	1	0	0	0
OA19_4868a	1	0	0	0
OA19_4868b	1	0	0	0
OA19_4970a	1	0	0	0
OA19_4970b	1	0	0	0
OA19_5128a	1	0	0	0
OA19_5128b	1	0	0	0
OA19_5327a	1	0	0	0
OA19_5327b	1	0	0	0
OA19_5446a	1	0	0	0
OA19_5446b	1	0	0	0
OA19_5505a	1	0	0	0
OA19_5505b	1	0	0	0
OA19_5543a	1	0	0	0
OA19_5543b	1	0	0	0
OA19_5621a	1	0	0	0
OA19_5621b	1	0	0	0
OA19_4060a	1	0	0	0
OA19_4060b	1	0	0	0
OA19_4245a	1	0	0	0
OA19_4245b	1	0	0	0
OA19_4338a	1	0	0	0
OA19_4338b	1	0	0	0
OA19_4650a	1	0	0	0
OA19_4650b	1	0	0	0
OA19_4883a	1	0	0	0
OA19_4883b	1	0	0	0
OA19_5129a	1	0	0	0
OA19_5129b	1	0	0	0
OA19_5328a	1	0	0	0
OA19_5328b	1	0	0	0
OA19_5452a	1	0	0	0
OA19_5452b	1	0	0	0
OA19_5506a	1	0	0	0
OA19_5506b	1	0	0	0
OA19_5544a	1	0	0	0
OA19_5544b	1	0	0	0
OA19_5622a	1	0	0	0
OA19_5622b	1	0	0	0
OA19_4064a	1	0	0	0
OA19_4064b	1	0	0	0
OA19_4246a	1	0	0	0
OA19_4246b	1	0	0	0
OA19_4402a	1	0	0	0
OA19_4402b	1	0	0	0
OA19_4787a	1	0	0	0
OA19_4787b	1	0	0	0
OA19_4898a	1	0	0	0
OA19_4898b	1	0	0	0
OA19_4972a	1	0	0	0
OA19_4972b	1	0	0	0
OA19_5363a	1	0	0	0
OA19_5363b	1	0	0	0
OA19_5453a	1	0	0	0
OA19_5453b	1	0	0	0
OA19_5580a	1	0	0	0
OA19_5580b	1	0	0	0
OA19_5624a	1	0	0	0
OA19_5624b	1	0	0	0
OA19_4087a	1	0	0	0
OA19_4087b	1	0	0	0
OA19_4248a	1	0	0	0
OA19_4248b	1	0	0	0
OA19_4403a	1	0	0	0
OA19_4403b	1	0	0	0
OA19_4803a	1	0	0	0
OA19_4803b	1	0	0	0
OA19_4913a	1	0	0	0
OA19_4913b	1	0	0	0
OA19_5225a	1	0	0	0
OA19_5225b	1	0	0	0
OA19_5398a	1	0	0	0
OA19_5398b	1	0	0	0
OA19_5454a	1	0	0	0
OA19_5454b	1	0	0	0
OA19_5508a	1	0	0	0
OA19_5508b	1	0	0	0
OA19_5581a	1	0	0	0
OA19_5581b	1	0	0	0
OA19_4153a	1	0	0	0
OA19_4153b	1	0	0	0
OA19_4252a	1	0	0	0
OA19_4252b	1	0	0	0
OA19_4518a	1	0	0	0
OA19_4518b	1	0	0	0
OA19_4833a	1	0	0	0
OA19_4833b	1	0	0	0
OA19_5055a	1	0	0	0
OA19_5055b	1	0	0	0
OA19_5249a	1	0	0	0
OA19_5249b	1	0	0	0
OA19_5399a	1	0	0	0
OA19_5399b	1	0	0	0
OA19_5455a	1	0	0	0
OA19_5455b	1	0	0	0
OA19_5509a	1	0	0	0
OA19_5509b	1	0	0	0
OA19_5602a	1	0	0	0
OA19_5602b	1	0	0	0
OJ19_0001a	0	0	0	1
OJ19_0001b	0	0	0	1
OJ19_0009a	0	0	0	1
OJ19_0009b	0	0	0	1
OJ19_0017a	0	0	0	1
OJ19_0017b	0	0	0	1
OJ19_0025a	0	0	0	1
OJ19_0025b	0	0	0	1
OJ19_0033a	0	0	0	1
OJ19_0033b	0	0	0	1
OJ19_0041a	0	0	0	1
OJ19_0041b	0	0	0	1
OJ19_0045a	0	0	0	1
OJ19_0045b	0	0	0	1
OJ19_0057a	0	0	0	1
OJ19_0057b	0	0	0	1
OJ19_0065a	0	0	0	1
OJ19_0065b	0	0	0	1
OJ19_0073a	0	0	0	1
OJ19_0073b	0	0	0	1
OJ19_0081a	0	0	0	1
OJ19_0081b	0	0	0	1
OJ19_0089a	0	0	0	1
OJ19_0089b	0	0	0	1
OJ19_0002a	0	0	0	1
OJ19_0002b	0	0	0	1
OJ19_0010a	0	0	0	1
OJ19_0010b	0	0	0	1
OJ19_0018a	0	0	0	1
OJ19_0018b	0	0	0	1
OJ19_0026a	0	0	0	1
OJ19_0026b	0	0	0	1
OJ19_0034a	0	0	0	1
OJ19_0034b	0	0	0	1
OJ19_0042a	0	0	0	1
OJ19_0042b	0	0	0	1
OJ19_0058a	0	0	0	1
OJ19_0058b	0	0	0	1
OJ19_0066a	0	0	0	1
OJ19_0066b	0	0	0	1
OJ19_0074a	0	0	0	1
OJ19_0074b	0	0	0	1
OJ19_0082a	0	0	0	1
OJ19_0082b	0	0	0	1
OJ19_0090a	0	0	0	1
OJ19_0090b	0	0	0	1
OJ19_0003a	0	0	0	1
OJ19_0003b	0	0	0	1
OJ19_0011a	0	0	0	1
OJ19_0011b	0	0	0	1
OJ19_0019a	0	0	0	1
OJ19_0019b	0	0	0	1
OJ19_0027a	0	0	0	1
OJ19_0027b	0	0	0	1
OJ19_0043a	0	0	0	1
OJ19_0043b	0	0	0	1
OJ19_0051a	0	0	0	1
OJ19_0051b	0	0	0	1
OJ19_0059a	0	0	0	1
OJ19_0059b	0	0	0	1
OJ19_0067a	0	0	0	1
OJ19_0067b	0	0	0	1
OJ19_0075a	0	0	0	1
OJ19_0075b	0	0	0	1
OJ19_0083a	0	0	0	1
OJ19_0083b	0	0	0	1
OJ19_0091a	0	0	0	1
OJ19_0091b	0	0	0	1
OJ19_0004a	0	0	0	1
OJ19_0004b	0	0	0	1
OJ19_0012a	0	0	0	1
OJ19_0012b	0	0	0	1
OJ19_0020a	0	0	0	1
OJ19_0020b	0	0	0	1
OJ19_0028a	0	0	0	1
OJ19_0028b	0	0	0	1
OJ19_0036a	0	0	0	1
OJ19_0036b	0	0	0	1
OJ19_0044a	0	0	0	1
OJ19_0044b	0	0	0	1
OJ19_0052a	0	0	0	1
OJ19_0052b	0	0	0	1
OJ19_0060a	0	0	0	1
OJ19_0060b	0	0	0	1
OJ19_0068a	0	0	0	1
OJ19_0068b	0	0	0	1
OJ19_0076a	0	0	0	1
OJ19_0076b	0	0	0	1
OJ19_0084a	0	0	0	1
OJ19_0084b	0	0	0	1
OJ19_0092a	0	0	0	1
OJ19_0092b	0	0	0	1
OJ19_0005a	0	0	0	1
OJ19_0005b	0	0	0	1
OJ19_0013a	0	0	0	1
OJ19_0013b	0	0	0	1
OJ19_0021a	0	0	0	1
OJ19_0021b	0	0	0	1
OJ19_0029a	0	0	0	1
OJ19_0029b	0	0	0	1
OJ19_0037a	0	0	0	1
OJ19_0037b	0	0	0	1
OJ19_0053a	0	0	0	1
OJ19_0053b	0	0	0	1
OJ19_0061a	0	0	0	1
OJ19_0061b	0	0	0	1
OJ19_0077a	0	0	0	1
OJ19_0077b	0	0	0	1
OJ19_0085a	0	0	0	1
OJ19_0085b	0	0	0	1
OJ19_0093a	0	0	0	1
OJ19_0093b	0	0	0	1
OJ19_0014a	0	0	0	1
OJ19_0014b	0	0	0	1
OJ19_0022a	0	0	0	1
OJ19_0022b	0	0	0	1
OJ19_0038a	0	0	0	1
OJ19_0038b	0	0	0	1
OJ19_0046a	0	0	0	1
OJ19_0046b	0	0	0	1
OJ19_0054a	0	0	0	1
OJ19_0054b	0	0	0	1
OJ19_0062a	0	0	0	1
OJ19_0062b	0	0	0	1
OJ19_0078a	0	0	0	1
OJ19_0078b	0	0	0	1
OJ19_0094a	0	0	0	1
OJ19_0094b	0	0	0	1
OJ19_0007a	0	0	0	1
OJ19_0007b	0	0	0	1
OJ19_0015a	0	0	0	1
OJ19_0015b	0	0	0	1
OJ19_0023a	0	0	0	1
OJ19_0023b	0	0	0	1
OJ19_0031a	0	0	0	1
OJ19_0031b	0	0	0	1
OJ19_0047a	0	0	0	1
OJ19_0047b	0	0	0	1
OJ19_0055a	0	0	0	1
OJ19_0055b	0	0	0	1
OJ19_0063a	0	0	0	1
OJ19_0063b	0	0	0	1
OJ19_0071a	0	0	0	1
OJ19_0071b	0	0	0	1
OJ19_0079a	0	0	0	1
OJ19_0079b	0	0	0	1
OJ19_0087a	0	0	0	1
OJ19_0087b	0	0	0	1
OJ19_0008a	0	0	0	1
OJ19_0008b	0	0	0	1
OJ19_0016a	0	0	0	1
OJ19_0016b	0	0	0	1
OJ19_0024a	0	0	0	1
OJ19_0024b	0	0	0	1
OJ19_0032a	0	0	0	1
OJ19_0032b	0	0	0	1
OJ19_0040a	0	0	0	1
OJ19_0040b	0	0	0	1
OJ19_0048a	0	0	0	1
OJ19_0048b	0	0	0	1
OJ19_0056a	0	0	0	1
OJ19_0056b	0	0	0	1
OJ19_0064a	0	0	0	1
OJ19_0064b	0	0	0	1
OJ19_0072a	0	0	0	1
OJ19_0072b	0	0	0	1
OJ19_0080a	0	0	0	1
OJ19_0080b	0	0	0	1
OJ19_0095a	0	0	0	1
OJ19_0095b	0	0	0	1
OJ19_0103a	0	0	0	1
OJ19_0103b	0	0	0	1
OJ19_0111a	0	0	0	1
OJ19_0111b	0	0	0	1
OJ19_0119a	0	0	0	1
OJ19_0119b	0	0	0	1
OJ19_0127a	0	0	0	1
OJ19_0127b	0	0	0	1
OJ19_0135a	0	0	0	1
OJ19_0135b	0	0	0	1
OJ19_0139a	0	0	0	1
OJ19_0139b	0	0	0	1
OJ19_0143a	0	0	0	1
OJ19_0143b	0	0	0	1
OJ19_0151a	0	0	0	1
OJ19_0151b	0	0	0	1
OJ19_0159a	0	0	0	1
OJ19_0159b	0	0	0	1
OJ19_0167a	0	0	0	1
OJ19_0167b	0	0	0	1
OJ19_0175a	0	0	0	1
OJ19_0175b	0	0	0	1
OJ19_0183a	0	0	0	1
OJ19_0183b	0	0	0	1
OJ19_0096a	0	0	0	1
OJ19_0096b	0	0	0	1
OJ19_0104a	0	0	0	1
OJ19_0104b	0	0	0	1
OJ19_0112a	0	0	0	1
OJ19_0112b	0	0	0	1
OJ19_0120a	0	0	0	1
OJ19_0120b	0	0	0	1
OJ19_0128a	0	0	0	1
OJ19_0128b	0	0	0	1
OJ19_0136a	0	0	0	1
OJ19_0136b	0	0	0	1
OJ19_0144a	0	0	0	1
OJ19_0144b	0	0	0	1
OJ19_0152a	0	0	0	1
OJ19_0152b	0	0	0	1
OJ19_0160a	0	0	0	1
OJ19_0160b	0	0	0	1
OJ19_0168a	0	0	0	1
OJ19_0168b	0	0	0	1
OJ19_0176a	0	0	0	1
OJ19_0176b	0	0	0	1
OJ19_0184a	0	0	0	1
OJ19_0184b	0	0	0	1
OJ19_0097a	0	0	0	1
OJ19_0097b	0	0	0	1
OJ19_0105a	0	0	0	1
OJ19_0105b	0	0	0	1
OJ19_0113a	0	0	0	1
OJ19_0113b	0	0	0	1
OJ19_0121a	0	0	0	1
OJ19_0121b	0	0	0	1
OJ19_0129a	0	0	0	1
OJ19_0129b	0	0	0	1
OJ19_0137a	0	0	0	1
OJ19_0137b	0	0	0	1
OJ19_0145a	0	0	0	1
OJ19_0145b	0	0	0	1
OJ19_0153a	0	0	0	1
OJ19_0153b	0	0	0	1
OJ19_0177a	0	0	0	1
OJ19_0177b	0	0	0	1
OJ19_0185a	0	0	0	1
OJ19_0185b	0	0	0	1
OJ19_0098a	0	0	0	1
OJ19_0098b	0	0	0	1
OJ19_0106a	0	0	0	1
OJ19_0106b	0	0	0	1
OJ19_0114a	0	0	0	1
OJ19_0114b	0	0	0	1
OJ19_0122a	0	0	0	1
OJ19_0122b	0	0	0	1
OJ19_0130a	0	0	0	1
OJ19_0130b	0	0	0	1
OJ19_0138a	0	0	0	1
OJ19_0138b	0	0	0	1
OJ19_0146a	0	0	0	1
OJ19_0146b	0	0	0	1
OJ19_0154a	0	0	0	1
OJ19_0154b	0	0	0	1
OJ19_0162a	0	0	0	1
OJ19_0162b	0	0	0	1
OJ19_0178a	0	0	0	1
OJ19_0178b	0	0	0	1
OJ19_0186a	0	0	0	1
OJ19_0186b	0	0	0	1
OJ19_0099a	0	0	0	1
OJ19_0099b	0	0	0	1
OJ19_0107a	0	0	0	1
OJ19_0107b	0	0	0	1
OJ19_0115a	0	0	0	1
OJ19_0115b	0	0	0	1
OJ19_0123a	0	0	0	1
OJ19_0123b	0	0	0	1
OJ19_0131a	0	0	0	1
OJ19_0131b	0	0	0	1
OJ19_0147a	0	0	0	1
OJ19_0147b	0	0	0	1
OJ19_0155a	0	0	0	1
OJ19_0155b	0	0	0	1
OJ19_0163a	0	0	0	1
OJ19_0163b	0	0	0	1
OJ19_0171a	0	0	0	1
OJ19_0171b	0	0	0	1
OJ19_0179a	0	0	0	1
OJ19_0179b	0	0	0	1
OJ19_0187a	0	0	0	1
OJ19_0187b	0	0	0	1
OJ19_0100a	0	0	0	1
OJ19_0100b	0	0	0	1
OJ19_0116a	0	0	0	1
OJ19_0116b	0	0	0	1
OJ19_0124a	0	0	0	1
OJ19_0124b	0	0	0	1
OJ19_0132a	0	0	0	1
OJ19_0132b	0	0	0	1
OJ19_0156a	0	0	0	1
OJ19_0156b	0	0	0	1
OJ19_0172a	0	0	0	1
OJ19_0172b	0	0	0	1
OJ19_0180a	0	0	0	1
OJ19_0180b	0	0	0	1
OJ19_0188a	0	0	0	1
OJ19_0188b	0	0	0	1
OJ19_0109a	0	0	0	1
OJ19_0109b	0	0	0	1
OJ19_0117a	0	0	0	1
OJ19_0117b	0	0	0	1
OJ19_0125a	0	0	0	1
OJ19_0125b	0	0	0	1
OJ19_0133a	0	0	0	1
OJ19_0133b	0	0	0	1
OJ19_0141a	0	0	0	1
OJ19_0141b	0	0	0	1
OJ19_0149a	0	0	0	1
OJ19_0149b	0	0	0	1
OJ19_0157a	0	0	0	1
OJ19_0157b	0	0	0	1
OJ19_0165a	0	0	0	1
OJ19_0165b	0	0	0	1
OJ19_0173a	0	0	0	1
OJ19_0173b	0	0	0	1
OJ19_0181a	0	0	0	1
OJ19_0181b	0	0	0	1
OJ19_0102a	0	0	0	1
OJ19_0102b	0	0	0	1
OJ19_0110a	0	0	0	1
OJ19_0110b	0	0	0	1
OJ19_0118a	0	0	0	1
OJ19_0118b	0	0	0	1
OJ19_0126a	0	0	0	1
OJ19_0126b	0	0	0	1
OJ19_0134a	0	0	0	1
OJ19_0134b	0	0	0	1
OJ19_0142a	0	0	0	1
OJ19_0142b	0	0	0	1
OJ19_0150a	0	0	0	1
OJ19_0150b	0	0	0	1
OJ19_0158a	0	0	0	1
OJ19_0158b	0	0	0	1
OJ19_0166a	0	0	0	1
OJ19_0166b	0	0	0	1
OJ19_0174a	0	0	0	1
OJ19_0174b	0	0	0	1
OJ19_0182a	0	0	0	1
OJ19_0182b	0	0	0	1
OA19_5625a	1	0	0	0
OA19_5625b	1	0	0	0
OA19_5678a	1	0	0	0
OA19_5678b	1	0	0	0
OA19_5720a	1	0	0	0
OA19_5720b	1	0	0	0
OA19_5751a	1	0	0	0
OA19_5751b	1	0	0	0
OA19_5820a	1	0	0	0
OA19_5820b	1	0	0	0
OA19_5836a	1	0	0	0
OA19_5836b	1	0	0	0
OA19_5844a	1	0	0	0
OA19_5844b	1	0	0	0
OA19_5987a	1	0	0	0
OA19_5987b	1	0	0	0
OA19_6039a	1	0	0	0
OA19_6039b	1	0	0	0
OA19_5626a	1	0	0	0
OA19_5626b	1	0	0	0
OA19_5679a	1	0	0	0
OA19_5679b	1	0	0	0
OA19_5721a	1	0	0	0
OA19_5721b	1	0	0	0
OA19_5753a	1	0	0	0
OA19_5753b	1	0	0	0
OA19_5811a	1	0	0	0
OA19_5811b	1	0	0	0
OA19_5823a	1	0	0	0
OA19_5823b	1	0	0	0
OA19_5845a	1	0	0	0
OA19_5845b	1	0	0	0
OA19_5992a	1	0	0	0
OA19_5992b	1	0	0	0
OA19_6072a	1	0	0	0
OA19_6072b	1	0	0	0
OA19_5627a	1	0	0	0
OA19_5627b	1	0	0	0
OA19_5697a	1	0	0	0
OA19_5697b	1	0	0	0
OA19_5756a	1	0	0	0
OA19_5756b	1	0	0	0
OA19_5812a	1	0	0	0
OA19_5812b	1	0	0	0
OA19_5833a	1	0	0	0
OA19_5833b	1	0	0	0
OA19_5846a	1	0	0	0
OA19_5846b	1	0	0	0
OA19_5996a	1	0	0	0
OA19_5996b	1	0	0	0
OA19_6119a	1	0	0	0
OA19_6119b	1	0	0	0
OA19_5628a	1	0	0	0
OA19_5628b	1	0	0	0
OA19_5698a	1	0	0	0
OA19_5698b	1	0	0	0
OA19_5723a	1	0	0	0
OA19_5723b	1	0	0	0
OA19_5757a	1	0	0	0
OA19_5757b	1	0	0	0
OA19_5814a	1	0	0	0
OA19_5814b	1	0	0	0
OA19_5834a	1	0	0	0
OA19_5834b	1	0	0	0
OA19_5893a	1	0	0	0
OA19_5893b	1	0	0	0
OA19_5997a	1	0	0	0
OA19_5997b	1	0	0	0
OA19_6125a	1	0	0	0
OA19_6125b	1	0	0	0
OA19_5629a	1	0	0	0
OA19_5629b	1	0	0	0
OA19_5699a	1	0	0	0
OA19_5699b	1	0	0	0
OA19_5766a	1	0	0	0
OA19_5766b	1	0	0	0
OA19_5816a	1	0	0	0
OA19_5816b	1	0	0	0
OA19_5898a	1	0	0	0
OA19_5898b	1	0	0	0
OA19_6016a	1	0	0	0
OA19_6016b	1	0	0	0
OA19_6128a	1	0	0	0
OA19_6128b	1	0	0	0
OA19_5470a	1	0	0	0
OA19_5470b	1	0	0	0
OA19_5630a	1	0	0	0
OA19_5630b	1	0	0	0
OA19_5711a	1	0	0	0
OA19_5711b	1	0	0	0
OA19_5779a	1	0	0	0
OA19_5779b	1	0	0	0
OA19_5817a	1	0	0	0
OA19_5817b	1	0	0	0
OA19_5840a	1	0	0	0
OA19_5840b	1	0	0	0
OA19_5913a	1	0	0	0
OA19_5913b	1	0	0	0
OA19_6017a	1	0	0	0
OA19_6017b	1	0	0	0
OA19_6140a	1	0	0	0
OA19_6140b	1	0	0	0
OA19_5631a	1	0	0	0
OA19_5631b	1	0	0	0
OA19_5712a	1	0	0	0
OA19_5712b	1	0	0	0
OA19_5742a	1	0	0	0
OA19_5742b	1	0	0	0
OA19_5808a	1	0	0	0
OA19_5808b	1	0	0	0
OA19_5818a	1	0	0	0
OA19_5818b	1	0	0	0
OA19_5841a	1	0	0	0
OA19_5841b	1	0	0	0
OA19_5938a	1	0	0	0
OA19_5938b	1	0	0	0
OA19_6024a	1	0	0	0
OA19_6024b	1	0	0	0
OA19_6155a	1	0	0	0
OA19_6155b	1	0	0	0
OA19_5666a	1	0	0	0
OA19_5666b	1	0	0	0
OA19_5713a	1	0	0	0
OA19_5713b	1	0	0	0
OA19_5750a	1	0	0	0
OA19_5750b	1	0	0	0
OA19_5809a	1	0	0	0
OA19_5809b	1	0	0	0
OA19_5819a	1	0	0	0
OA19_5819b	1	0	0	0
OA19_5842a	1	0	0	0
OA19_5842b	1	0	0	0
OA19_5961a	1	0	0	0
OA19_5961b	1	0	0	0
OA19_6033a	1	0	0	0
OA19_6033b	1	0	0	0
OA19_0053a	1	0	0	0
OA19_0053b	1	0	0	0
OA19_5810a	1	0	0	0
OA19_5810b	1	0	0	0
OJ18_0101a	0	0	0	1
OJ18_0101b	0	0	0	1
OJ18_0109a	0	0	0	1
OJ18_0109b	0	0	0	1
OJ18_0117a	0	0	0	1
OJ18_0117b	0	0	0	1
OJ18_0125a	0	0	0	1
OJ18_0125b	0	0	0	1
OJ18_0133a	0	0	0	1
OJ18_0133b	0	0	0	1
OJ18_0141a	0	0	0	1
OJ18_0141b	0	0	0	1
OJ18_0149a	0	0	0	1
OJ18_0149b	0	0	0	1
OJ18_0204a	0	0	0	1
OJ18_0204b	0	0	0	1
OJ18_0212a	0	0	0	1
OJ18_0212b	0	0	0	1
OJ18_0220a	0	0	0	1
OJ18_0220b	0	0	0	1
OJ18_0228a	0	0	0	1
OJ18_0228b	0	0	0	1
OJ18_0236a	0	0	0	1
OJ18_0236b	0	0	0	1
OJ18_0102a	0	0	0	1
OJ18_0102b	0	0	0	1
OJ18_0110a	0	0	0	1
OJ18_0110b	0	0	0	1
OJ18_0118a	0	0	0	1
OJ18_0118b	0	0	0	1
OJ18_0126a	0	0	0	1
OJ18_0126b	0	0	0	1
OJ18_0134a	0	0	0	1
OJ18_0134b	0	0	0	1
OJ18_0142a	0	0	0	1
OJ18_0142b	0	0	0	1
OJ18_0205a	0	0	0	1
OJ18_0205b	0	0	0	1
OJ18_0213a	0	0	0	1
OJ18_0213b	0	0	0	1
OJ18_0221a	0	0	0	1
OJ18_0221b	0	0	0	1
OJ18_0229a	0	0	0	1
OJ18_0229b	0	0	0	1
OJ18_0237a	0	0	0	1
OJ18_0237b	0	0	0	1
OJ18_0103a	0	0	0	1
OJ18_0103b	0	0	0	1
OJ18_0111a	0	0	0	1
OJ18_0111b	0	0	0	1
OJ18_0127a	0	0	0	1
OJ18_0127b	0	0	0	1
OJ18_0135a	0	0	0	1
OJ18_0135b	0	0	0	1
OJ18_0143a	0	0	0	1
OJ18_0143b	0	0	0	1
OJ18_0151a	0	0	0	1
OJ18_0151b	0	0	0	1
OJ18_0206a	0	0	0	1
OJ18_0206b	0	0	0	1
OJ18_0214a	0	0	0	1
OJ18_0214b	0	0	0	1
OJ18_0222a	0	0	0	1
OJ18_0222b	0	0	0	1
OJ18_0238a	0	0	0	1
OJ18_0238b	0	0	0	1
OJ18_0104a	0	0	0	1
OJ18_0104b	0	0	0	1
OJ18_0112a	0	0	0	1
OJ18_0112b	0	0	0	1
OJ18_0120a	0	0	0	1
OJ18_0120b	0	0	0	1
OJ18_0128a	0	0	0	1
OJ18_0128b	0	0	0	1
OJ18_0136a	0	0	0	1
OJ18_0136b	0	0	0	1
OJ18_0144a	0	0	0	1
OJ18_0144b	0	0	0	1
OJ18_0152a	0	0	0	1
OJ18_0152b	0	0	0	1
OJ18_0215a	0	0	0	1
OJ18_0215b	0	0	0	1
OJ18_0223a	0	0	0	1
OJ18_0223b	0	0	0	1
OJ18_0231a	0	0	0	1
OJ18_0231b	0	0	0	1
OJ18_0239a	0	0	0	1
OJ18_0239b	0	0	0	1
OJ18_0105a	0	0	0	1
OJ18_0105b	0	0	0	1
OJ18_0113a	0	0	0	1
OJ18_0113b	0	0	0	1
OJ18_0121a	0	0	0	1
OJ18_0121b	0	0	0	1
OJ18_0129a	0	0	0	1
OJ18_0129b	0	0	0	1
OJ18_0145a	0	0	0	1
OJ18_0145b	0	0	0	1
OJ18_0208a	0	0	0	1
OJ18_0208b	0	0	0	1
OJ18_0216a	0	0	0	1
OJ18_0216b	0	0	0	1
OJ18_0224a	0	0	0	1
OJ18_0224b	0	0	0	1
OJ18_0232a	0	0	0	1
OJ18_0232b	0	0	0	1
OJ18_0240a	0	0	0	1
OJ18_0240b	0	0	0	1
OJ18_0106a	0	0	0	1
OJ18_0106b	0	0	0	1
OJ18_0114a	0	0	0	1
OJ18_0114b	0	0	0	1
OJ18_0122a	0	0	0	1
OJ18_0122b	0	0	0	1
OJ18_0201a	0	0	0	1
OJ18_0201b	0	0	0	1
OJ18_0209a	0	0	0	1
OJ18_0209b	0	0	0	1
OJ18_0217a	0	0	0	1
OJ18_0217b	0	0	0	1
OJ18_0225a	0	0	0	1
OJ18_0225b	0	0	0	1
OJ18_0233a	0	0	0	1
OJ18_0233b	0	0	0	1
OJ18_0241a	0	0	0	1
OJ18_0241b	0	0	0	1
OJ18_0107a	0	0	0	1
OJ18_0107b	0	0	0	1
OJ18_0115a	0	0	0	1
OJ18_0115b	0	0	0	1
OJ18_0123a	0	0	0	1
OJ18_0123b	0	0	0	1
OJ18_0131a	0	0	0	1
OJ18_0131b	0	0	0	1
OJ18_0139a	0	0	0	1
OJ18_0139b	0	0	0	1
OJ18_0147a	0	0	0	1
OJ18_0147b	0	0	0	1
OJ18_0202a	0	0	0	1
OJ18_0202b	0	0	0	1
OJ18_0218a	0	0	0	1
OJ18_0218b	0	0	0	1
OJ18_0226a	0	0	0	1
OJ18_0226b	0	0	0	1
OJ18_0108a	0	0	0	1
OJ18_0108b	0	0	0	1
OJ18_0116a	0	0	0	1
OJ18_0116b	0	0	0	1
OJ18_0132a	0	0	0	1
OJ18_0132b	0	0	0	1
OJ18_0140a	0	0	0	1
OJ18_0140b	0	0	0	1
OJ18_0148a	0	0	0	1
OJ18_0148b	0	0	0	1
OJ18_0203a	0	0	0	1
OJ18_0203b	0	0	0	1
OJ18_0211a	0	0	0	1
OJ18_0211b	0	0	0	1
OJ18_0219a	0	0	0	1
OJ18_0219b	0	0	0	1
OJ18_0227a	0	0	0	1
OJ18_0227b	0	0	0	1
OJ18_0235a	0	0	0	1
OJ18_0235b	0	0	0	1
OJ18_0242a	0	0	0	1
OJ18_0242b	0	0	0	1
OJ18_0305a	0	0	0	1
OJ18_0305b	0	0	0	1
OJ18_0313a	0	0	0	1
OJ18_0313b	0	0	0	1
OJ18_0321a	0	0	0	1
OJ18_0321b	0	0	0	1
OJ18_0329a	0	0	0	1
OJ18_0329b	0	0	0	1
OJ18_0337a	0	0	0	1
OJ18_0337b	0	0	0	1
OJ18_0345a	0	0	0	1
OJ18_0345b	0	0	0	1
OJ18_0353a	0	0	0	1
OJ18_0353b	0	0	0	1
OJ18_0403a	0	0	0	1
OJ18_0403b	0	0	0	1
OJ18_0411a	0	0	0	1
OJ18_0411b	0	0	0	1
OJ18_0419a	0	0	0	1
OJ18_0419b	0	0	0	1
OJ18_0243a	0	0	0	1
OJ18_0243b	0	0	0	1
OJ18_0306a	0	0	0	1
OJ18_0306b	0	0	0	1
OJ18_0314a	0	0	0	1
OJ18_0314b	0	0	0	1
OJ18_0322a	0	0	0	1
OJ18_0322b	0	0	0	1
OJ18_0330a	0	0	0	1
OJ18_0330b	0	0	0	1
OJ18_0338a	0	0	0	1
OJ18_0338b	0	0	0	1
OJ18_0346a	0	0	0	1
OJ18_0346b	0	0	0	1
OJ18_0354a	0	0	0	1
OJ18_0354b	0	0	0	1
OJ18_0404a	0	0	0	1
OJ18_0404b	0	0	0	1
OJ18_0412a	0	0	0	1
OJ18_0412b	0	0	0	1
OJ18_0420a	0	0	0	1
OJ18_0420b	0	0	0	1
OJ18_0244a	0	0	0	1
OJ18_0244b	0	0	0	1
OJ18_0307a	0	0	0	1
OJ18_0307b	0	0	0	1
OJ18_0315a	0	0	0	1
OJ18_0315b	0	0	0	1
OJ18_0323a	0	0	0	1
OJ18_0323b	0	0	0	1
OJ18_0331a	0	0	0	1
OJ18_0331b	0	0	0	1
OJ18_0339a	0	0	0	1
OJ18_0339b	0	0	0	1
OJ18_0405a	0	0	0	1
OJ18_0405b	0	0	0	1
OJ18_0413a	0	0	0	1
OJ18_0413b	0	0	0	1
OJ18_0421a	0	0	0	1
OJ18_0421b	0	0	0	1
OJ18_0245a	0	0	0	1
OJ18_0245b	0	0	0	1
OJ18_0308a	0	0	0	1
OJ18_0308b	0	0	0	1
OJ18_0316a	0	0	0	1
OJ18_0316b	0	0	0	1
OJ18_0324a	0	0	0	1
OJ18_0324b	0	0	0	1
OJ18_0332a	0	0	0	1
OJ18_0332b	0	0	0	1
OJ18_0340a	0	0	0	1
OJ18_0340b	0	0	0	1
OJ18_0348a	0	0	0	1
OJ18_0348b	0	0	0	1
OJ18_0356a	0	0	0	1
OJ18_0356b	0	0	0	1
OJ18_0406a	0	0	0	1
OJ18_0406b	0	0	0	1
OJ18_0414a	0	0	0	1
OJ18_0414b	0	0	0	1
OJ18_0422a	0	0	0	1
OJ18_0422b	0	0	0	1
OJ18_0246a	0	0	0	1
OJ18_0246b	0	0	0	1
OJ18_0301a	0	0	0	1
OJ18_0301b	0	0	0	1
OJ18_0309a	0	0	0	1
OJ18_0309b	0	0	0	1
OJ18_0317a	0	0	0	1
OJ18_0317b	0	0	0	1
OJ18_0325a	0	0	0	1
OJ18_0325b	0	0	0	1
OJ18_0333a	0	0	0	1
OJ18_0333b	0	0	0	1
OJ18_0341a	0	0	0	1
OJ18_0341b	0	0	0	1
OJ18_0349a	0	0	0	1
OJ18_0349b	0	0	0	1
OJ18_0407a	0	0	0	1
OJ18_0407b	0	0	0	1
OJ18_0415a	0	0	0	1
OJ18_0415b	0	0	0	1
OJ18_0247a	0	0	0	1
OJ18_0247b	0	0	0	1
OJ18_0318a	0	0	0	1
OJ18_0318b	0	0	0	1
OJ18_0326a	0	0	0	1
OJ18_0326b	0	0	0	1
OJ18_0334a	0	0	0	1
OJ18_0334b	0	0	0	1
OJ18_0342a	0	0	0	1
OJ18_0342b	0	0	0	1
OJ18_0408a	0	0	0	1
OJ18_0408b	0	0	0	1
OJ18_0416a	0	0	0	1
OJ18_0416b	0	0	0	1
OJ18_0424a	0	0	0	1
OJ18_0424b	0	0	0	1
OJ18_0248a	0	0	0	1
OJ18_0248b	0	0	0	1
OJ18_0303a	0	0	0	1
OJ18_0303b	0	0	0	1
OJ18_0311a	0	0	0	1
OJ18_0311b	0	0	0	1
OJ18_0319a	0	0	0	1
OJ18_0319b	0	0	0	1
OJ18_0335a	0	0	0	1
OJ18_0335b	0	0	0	1
OJ18_0343a	0	0	0	1
OJ18_0343b	0	0	0	1
OJ18_0401a	0	0	0	1
OJ18_0401b	0	0	0	1
OJ18_0409a	0	0	0	1
OJ18_0409b	0	0	0	1
OJ18_0417a	0	0	0	1
OJ18_0417b	0	0	0	1
OJ18_0249a	0	0	0	1
OJ18_0249b	0	0	0	1
OJ18_0304a	0	0	0	1
OJ18_0304b	0	0	0	1
OJ18_0312a	0	0	0	1
OJ18_0312b	0	0	0	1
OJ18_0320a	0	0	0	1
OJ18_0320b	0	0	0	1
OJ18_0328a	0	0	0	1
OJ18_0328b	0	0	0	1
OJ18_0336a	0	0	0	1
OJ18_0336b	0	0	0	1
OJ18_0344a	0	0	0	1
OJ18_0344b	0	0	0	1
OJ18_0410a	0	0	0	1
OJ18_0410b	0	0	0	1
OJ18_0418a	0	0	0	1
OJ18_0418b	0	0	0	1
OJ18_0425a	0	0	0	1
OJ18_0425b	0	0	0	1
OJ18_0433a	0	0	0	1
OJ18_0433b	0	0	0	1
OJ18_0441a	0	0	0	1
OJ18_0441b	0	0	0	1
OJ18_0449a	0	0	0	1
OJ18_0449b	0	0	0	1
OJ18_0505a	0	0	0	1
OJ18_0505b	0	0	0	1
OJ18_0513a	0	0	0	1
OJ18_0513b	0	0	0	1
OJ18_0521a	0	0	0	1
OJ18_0521b	0	0	0	1
OJ18_0529a	0	0	0	1
OJ18_0529b	0	0	0	1
OJ18_0537a	0	0	0	1
OJ18_0537b	0	0	0	1
OJ18_0545a	0	0	0	1
OJ18_0545b	0	0	0	1
OJ18_0602a	0	0	0	1
OJ18_0602b	0	0	0	1
OJ18_0610a	0	0	0	1
OJ18_0610b	0	0	0	1
OJ18_0426a	0	0	0	1
OJ18_0426b	0	0	0	1
OJ18_0434a	0	0	0	1
OJ18_0434b	0	0	0	1
OJ18_0442a	0	0	0	1
OJ18_0442b	0	0	0	1
OJ18_0506a	0	0	0	1
OJ18_0506b	0	0	0	1
OJ18_0514a	0	0	0	1
OJ18_0514b	0	0	0	1
OJ18_0522a	0	0	0	1
OJ18_0522b	0	0	0	1
OJ18_0538a	0	0	0	1
OJ18_0538b	0	0	0	1
OJ18_0546a	0	0	0	1
OJ18_0546b	0	0	0	1
OJ18_0603a	0	0	0	1
OJ18_0603b	0	0	0	1
OJ18_0611a	0	0	0	1
OJ18_0611b	0	0	0	1
OJ18_0427a	0	0	0	1
OJ18_0427b	0	0	0	1
OJ18_0435a	0	0	0	1
OJ18_0435b	0	0	0	1
OJ18_0443a	0	0	0	1
OJ18_0443b	0	0	0	1
OJ18_0451a	0	0	0	1
OJ18_0451b	0	0	0	1
OJ18_0515a	0	0	0	1
OJ18_0515b	0	0	0	1
OJ18_0523a	0	0	0	1
OJ18_0523b	0	0	0	1
OJ18_0531a	0	0	0	1
OJ18_0531b	0	0	0	1
OJ18_0539a	0	0	0	1
OJ18_0539b	0	0	0	1
OJ18_0547a	0	0	0	1
OJ18_0547b	0	0	0	1
OJ18_0612a	0	0	0	1
OJ18_0612b	0	0	0	1
OJ18_0428a	0	0	0	1
OJ18_0428b	0	0	0	1
OJ18_0436a	0	0	0	1
OJ18_0436b	0	0	0	1
OJ18_0444a	0	0	0	1
OJ18_0444b	0	0	0	1
OJ18_0452a	0	0	0	1
OJ18_0452b	0	0	0	1
OJ18_0508a	0	0	0	1
OJ18_0508b	0	0	0	1
OJ18_0516a	0	0	0	1
OJ18_0516b	0	0	0	1
OJ18_0524a	0	0	0	1
OJ18_0524b	0	0	0	1
OJ18_0532a	0	0	0	1
OJ18_0532b	0	0	0	1
OJ18_0540a	0	0	0	1
OJ18_0540b	0	0	0	1
OJ18_0548a	0	0	0	1
OJ18_0548b	0	0	0	1
OJ18_0605a	0	0	0	1
OJ18_0605b	0	0	0	1
OJ18_0613a	0	0	0	1
OJ18_0613b	0	0	0	1
OJ18_0429a	0	0	0	1
OJ18_0429b	0	0	0	1
OJ18_0437a	0	0	0	1
OJ18_0437b	0	0	0	1
OJ18_0445a	0	0	0	1
OJ18_0445b	0	0	0	1
OJ18_0509a	0	0	0	1
OJ18_0509b	0	0	0	1
OJ18_0517a	0	0	0	1
OJ18_0517b	0	0	0	1
OJ18_0525a	0	0	0	1
OJ18_0525b	0	0	0	1
OJ18_0541a	0	0	0	1
OJ18_0541b	0	0	0	1
OJ18_0606a	0	0	0	1
OJ18_0606b	0	0	0	1
OJ18_0614a	0	0	0	1
OJ18_0614b	0	0	0	1
OJ18_0438a	0	0	0	1
OJ18_0438b	0	0	0	1
OJ18_0446a	0	0	0	1
OJ18_0446b	0	0	0	1
OJ18_0518a	0	0	0	1
OJ18_0518b	0	0	0	1
OJ18_0526a	0	0	0	1
OJ18_0526b	0	0	0	1
OJ18_0534a	0	0	0	1
OJ18_0534b	0	0	0	1
OJ18_0542a	0	0	0	1
OJ18_0542b	0	0	0	1
OJ18_0607a	0	0	0	1
OJ18_0607b	0	0	0	1
OJ18_0615a	0	0	0	1
OJ18_0615b	0	0	0	1
OJ18_0431a	0	0	0	1
OJ18_0431b	0	0	0	1
OJ18_0439a	0	0	0	1
OJ18_0439b	0	0	0	1
OJ18_0447a	0	0	0	1
OJ18_0447b	0	0	0	1
OJ18_0519a	0	0	0	1
OJ18_0519b	0	0	0	1
OJ18_0527a	0	0	0	1
OJ18_0527b	0	0	0	1
OJ18_0535a	0	0	0	1
OJ18_0535b	0	0	0	1
OJ18_0543a	0	0	0	1
OJ18_0543b	0	0	0	1
OJ18_0608a	0	0	0	1
OJ18_0608b	0	0	0	1
OJ18_0432a	0	0	0	1
OJ18_0432b	0	0	0	1
OJ18_0440a	0	0	0	1
OJ18_0440b	0	0	0	1
OJ18_0448a	0	0	0	1
OJ18_0448b	0	0	0	1
OJ18_0504a	0	0	0	1
OJ18_0504b	0	0	0	1
OJ18_0512a	0	0	0	1
OJ18_0512b	0	0	0	1
OJ18_0520a	0	0	0	1
OJ18_0520b	0	0	0	1
OJ18_0528a	0	0	0	1
OJ18_0528b	0	0	0	1
OJ18_0536a	0	0	0	1
OJ18_0536b	0	0	0	1
OJ18_0544a	0	0	0	1
OJ18_0544b	0	0	0	1
OJ18_0601a	0	0	0	1
OJ18_0601b	0	0	0	1
OJ18_0609a	0	0	0	1
OJ18_0609b	0	0	0	1
OJ18_0624a	0	0	0	1
OJ18_0624b	0	0	0	1
OJ18_0632a	0	0	0	1
OJ18_0632b	0	0	0	1
OJ18_0640a	0	0	0	1
OJ18_0640b	0	0	0	1
OJ18_0648a	0	0	0	1
OJ18_0648b	0	0	0	1
OJ18_0701a	0	0	0	1
OJ18_0701b	0	0	0	1
OJ18_0902a	0	0	0	1
OJ18_0902b	0	0	0	1
OJ18_1006a	0	0	0	1
OJ18_1006b	0	0	0	1
OJ18_1014a	0	0	0	1
OJ18_1014b	0	0	0	1
OJ18_1022a	0	0	0	1
OJ18_1022b	0	0	0	1
OJ18_0617a	0	0	0	1
OJ18_0617b	0	0	0	1
OJ18_0625a	0	0	0	1
OJ18_0625b	0	0	0	1
OJ18_0633a	0	0	0	1
OJ18_0633b	0	0	0	1
OJ18_0641a	0	0	0	1
OJ18_0641b	0	0	0	1
OJ18_0649a	0	0	0	1
OJ18_0649b	0	0	0	1
OJ18_0903a	0	0	0	1
OJ18_0903b	0	0	0	1
OJ18_0911a	0	0	0	1
OJ18_0911b	0	0	0	1
OJ18_1007a	0	0	0	1
OJ18_1007b	0	0	0	1
OJ18_1015a	0	0	0	1
OJ18_1015b	0	0	0	1
OJ18_1023a	0	0	0	1
OJ18_1023b	0	0	0	1
OJ18_0618a	0	0	0	1
OJ18_0618b	0	0	0	1
OJ18_0626a	0	0	0	1
OJ18_0626b	0	0	0	1
OJ18_0642a	0	0	0	1
OJ18_0642b	0	0	0	1
OJ18_0703a	0	0	0	1
OJ18_0703b	0	0	0	1
OJ18_0904a	0	0	0	1
OJ18_0904b	0	0	0	1
OJ18_0912a	0	0	0	1
OJ18_0912b	0	0	0	1
OJ18_1008a	0	0	0	1
OJ18_1008b	0	0	0	1
OJ18_1016a	0	0	0	1
OJ18_1016b	0	0	0	1
OJ18_1024a	0	0	0	1
OJ18_1024b	0	0	0	1
OJ18_0619a	0	0	0	1
OJ18_0619b	0	0	0	1
OJ18_0627a	0	0	0	1
OJ18_0627b	0	0	0	1
OJ18_0635a	0	0	0	1
OJ18_0635b	0	0	0	1
OJ18_0643a	0	0	0	1
OJ18_0643b	0	0	0	1
OJ18_0651a	0	0	0	1
OJ18_0651b	0	0	0	1
OJ18_0704a	0	0	0	1
OJ18_0704b	0	0	0	1
OJ18_0905a	0	0	0	1
OJ18_0905b	0	0	0	1
OJ18_1001a	0	0	0	1
OJ18_1001b	0	0	0	1
OJ18_1009a	0	0	0	1
OJ18_1009b	0	0	0	1
OJ18_1017a	0	0	0	1
OJ18_1017b	0	0	0	1
OJ18_1025a	0	0	0	1
OJ18_1025b	0	0	0	1
OJ18_0620a	0	0	0	1
OJ18_0620b	0	0	0	1
OJ18_0628a	0	0	0	1
OJ18_0628b	0	0	0	1
OJ18_0636a	0	0	0	1
OJ18_0636b	0	0	0	1
OJ18_0644a	0	0	0	1
OJ18_0644b	0	0	0	1
OJ18_0652a	0	0	0	1
OJ18_0652b	0	0	0	1
OJ18_0906a	0	0	0	1
OJ18_0906b	0	0	0	1
OJ18_1002a	0	0	0	1
OJ18_1002b	0	0	0	1
OJ18_1010a	0	0	0	1
OJ18_1010b	0	0	0	1
OJ18_1018a	0	0	0	1
OJ18_1018b	0	0	0	1
OJ18_1026a	0	0	0	1
OJ18_1026b	0	0	0	1
OJ18_0621a	0	0	0	1
OJ18_0621b	0	0	0	1
OJ18_0629a	0	0	0	1
OJ18_0629b	0	0	0	1
OJ18_0637a	0	0	0	1
OJ18_0637b	0	0	0	1
OJ18_0645a	0	0	0	1
OJ18_0645b	0	0	0	1
OJ18_0653a	0	0	0	1
OJ18_0653b	0	0	0	1
OJ18_0907a	0	0	0	1
OJ18_0907b	0	0	0	1
OJ18_1003a	0	0	0	1
OJ18_1003b	0	0	0	1
OJ18_1011a	0	0	0	1
OJ18_1011b	0	0	0	1
OJ18_1019a	0	0	0	1
OJ18_1019b	0	0	0	1
OJ18_1027a	0	0	0	1
OJ18_1027b	0	0	0	1
OJ18_0622a	0	0	0	1
OJ18_0622b	0	0	0	1
OJ18_0638a	0	0	0	1
OJ18_0638b	0	0	0	1
OJ18_0646a	0	0	0	1
OJ18_0646b	0	0	0	1
OJ18_0654a	0	0	0	1
OJ18_0654b	0	0	0	1
OJ18_0707a	0	0	0	1
OJ18_0707b	0	0	0	1
OJ18_0908a	0	0	0	1
OJ18_0908b	0	0	0	1
OJ18_1004a	0	0	0	1
OJ18_1004b	0	0	0	1
OJ18_1012a	0	0	0	1
OJ18_1012b	0	0	0	1
OJ18_1020a	0	0	0	1
OJ18_1020b	0	0	0	1
OJ18_0623a	0	0	0	1
OJ18_0623b	0	0	0	1
OJ18_0631a	0	0	0	1
OJ18_0631b	0	0	0	1
OJ18_0639a	0	0	0	1
OJ18_0639b	0	0	0	1
OJ18_0655a	0	0	0	1
OJ18_0655b	0	0	0	1
OJ18_0708a	0	0	0	1
OJ18_0708b	0	0	0	1
OJ18_0901a	0	0	0	1
OJ18_0901b	0	0	0	1
OJ18_0909a	0	0	0	1
OJ18_0909b	0	0	0	1
OJ18_1005a	0	0	0	1
OJ18_1005b	0	0	0	1
OJ18_1013a	0	0	0	1
OJ18_1013b	0	0	0	1
OJ18_1021a	0	0	0	1
OJ18_1021b	0	0	0	1
OA19_0123a	0	0	1	0
OA19_0123b	0	0	1	0
OJ18_1028a	0	0	0	1
OJ18_1028b	0	0	0	1
OA19_0134a	0	0	1	0
OA19_0134b	0	0	1	0
OA19APPR_0108a	0	0	1	0
OA19APPR_0108b	0	0	1	0
OA19APPR_0177a	0	0	1	0
OA19APPR_0177b	0	0	1	0
OJ18_0130a	0	0	0	1
OJ18_0130b	0	0	0	1
OA19APPR_0218a	0	0	1	0
OA19APPR_0218b	0	0	1	0
OA19CORH_0104a	0	1	0	0
OA19CORH_0104b	0	1	0	0
OJ18_0650a	0	0	0	1
OJ18_0650b	0	0	0	1
OA19CORH_0208a	0	1	0	0
OA19CORH_0208b	0	1	0	0
OA19CORH_0216a	0	1	0	0
OA19CORH_0216b	0	1	0	0
OA19CORH_0224a	0	1	0	0
OA19CORH_0224b	0	1	0	0
OA19CORH_0232a	0	1	0	0
OA19CORH_0232b	0	1	0	0
OA19CORH_0240a	0	1	0	0
OA19CORH_0240b	0	1	0	0
OA19_0125a	0	0	1	0
OA19_0125b	0	0	1	0
OJ18_1029a	0	0	0	1
OJ18_1029b	0	0	0	1
OA19_0135a	0	0	1	0
OA19_0135b	0	0	1	0
OA19_0182a	0	0	1	0
OA19_0182b	0	0	1	0
OA19APPR_0110a	0	0	1	0
OA19APPR_0110b	0	0	1	0
OA19APPR_0178a	0	0	1	0
OA19APPR_0178b	0	0	1	0
OJ18_0150a	0	0	0	1
OJ18_0150b	0	0	0	1
OA19APPR_0219a	0	0	1	0
OA19APPR_0219b	0	0	1	0
OA19CORH_0201a	0	1	0	0
OA19CORH_0201b	0	1	0	0
OA19CORH_0209a	0	1	0	0
OA19CORH_0209b	0	1	0	0
OA19CORH_0217a	0	1	0	0
OA19CORH_0217b	0	1	0	0
OA19CORH_0225a	0	1	0	0
OA19CORH_0225b	0	1	0	0
OA19CORH_0233a	0	1	0	0
OA19CORH_0233b	0	1	0	0
OA19CORH_0241a	0	1	0	0
OA19CORH_0241b	0	1	0	0
OA19_0126a	0	0	1	0
OA19_0126b	0	0	1	0
OA19_0137a	0	0	1	0
OA19_0137b	0	0	1	0
OA19_0183a	0	0	1	0
OA19_0183b	0	0	1	0
OA19APPR_0111a	0	0	1	0
OA19APPR_0111b	0	0	1	0
OA19APPR_0212a	0	0	1	0
OA19APPR_0212b	0	0	1	0
OJ18_0210a	0	0	0	1
OJ18_0210b	0	0	0	1
OA19APPR_0220a	0	0	1	0
OA19APPR_0220b	0	0	1	0
OA19CORH_0202a	0	1	0	0
OA19CORH_0202b	0	1	0	0
OJ18_0910a	0	0	0	1
OJ18_0910b	0	0	0	1
OA19CORH_0210a	0	1	0	0
OA19CORH_0210b	0	1	0	0
OA19CORH_0218a	0	1	0	0
OA19CORH_0218b	0	1	0	0
OA19CORH_0226a	0	1	0	0
OA19CORH_0226b	0	1	0	0
OA19CORH_0234a	0	1	0	0
OA19CORH_0234b	0	1	0	0
OA19_0128a	0	0	1	0
OA19_0128b	0	0	1	0
OA19_0184a	0	0	1	0
OA19_0184b	0	0	1	0
OA19APPR_0114a	0	0	1	0
OA19APPR_0114b	0	0	1	0
OA19APPR_0213a	0	0	1	0
OA19APPR_0213b	0	0	1	0
OJ18_0230a	0	0	0	1
OJ18_0230b	0	0	0	1
OA19APPR_0221a	0	0	1	0
OA19APPR_0221b	0	0	1	0
OJ18_0510a	0	0	0	1
OJ18_0510b	0	0	0	1
OA19CORH_0203a	0	1	0	0
OA19CORH_0203b	0	1	0	0
OA19CORH_0211a	0	1	0	0
OA19CORH_0211b	0	1	0	0
OA19CORH_0219a	0	1	0	0
OA19CORH_0219b	0	1	0	0
OA19CORH_0227a	0	1	0	0
OA19CORH_0227b	0	1	0	0
OA19CORH_0235a	0	1	0	0
OA19CORH_0235b	0	1	0	0
OA19_0129a	0	0	1	0
OA19_0129b	0	0	1	0
OJ18_1102a	0	0	0	1
OJ18_1102b	0	0	0	1
OA19_0139a	0	0	1	0
OA19_0139b	0	0	1	0
OA19_0186a	0	0	1	0
OA19_0186b	0	0	1	0
OA19APPR_0117a	0	0	1	0
OA19APPR_0117b	0	0	1	0
OA19APPR_0214a	0	0	1	0
OA19APPR_0214b	0	0	1	0
OJ18_0250a	0	0	0	1
OJ18_0250b	0	0	0	1
OA19APPR_0222a	0	0	1	0
OA19APPR_0222b	0	0	1	0
OJ18_0530a	0	0	0	1
OJ18_0530b	0	0	0	1
OA19CORH_0204a	0	1	0	0
OA19CORH_0204b	0	1	0	0
OJ18_1030a	0	0	0	1
OJ18_1030b	0	0	0	1
OA19CORH_0212a	0	1	0	0
OA19CORH_0212b	0	1	0	0
OA19CORH_0220a	0	1	0	0
OA19CORH_0220b	0	1	0	0
OA19CORH_0228a	0	1	0	0
OA19CORH_0228b	0	1	0	0
OA19CORH_0236a	0	1	0	0
OA19CORH_0236b	0	1	0	0
OA19_0130a	0	0	1	0
OA19_0130b	0	0	1	0
OJ18_1103a	0	0	0	1
OJ18_1103b	0	0	0	1
OA19_0140a	0	0	1	0
OA19_0140b	0	0	1	0
OA19_0187a	0	0	1	0
OA19_0187b	0	0	1	0
OA19APPR_0120a	0	0	1	0
OA19APPR_0120b	0	0	1	0
OA19APPR_0215a	0	0	1	0
OA19APPR_0215b	0	0	1	0
OJ18_0310a	0	0	0	1
OJ18_0310b	0	0	0	1
OJ18_0550a	0	0	0	1
OJ18_0550b	0	0	0	1
OA19CORH_0205a	0	1	0	0
OA19CORH_0205b	0	1	0	0
OA19CORH_0213a	0	1	0	0
OA19CORH_0213b	0	1	0	0
OA19CORH_0221a	0	1	0	0
OA19CORH_0221b	0	1	0	0
OA19CORH_0229a	0	1	0	0
OA19CORH_0229b	0	1	0	0
OA19CORH_0237a	0	1	0	0
OA19CORH_0237b	0	1	0	0
OJ18_1104a	0	0	0	1
OJ18_1104b	0	0	0	1
OA19_0141a	0	0	1	0
OA19_0141b	0	0	1	0
OA19_0189a	0	0	1	0
OA19_0189b	0	0	1	0
OA19APPR_0122a	0	0	1	0
OA19APPR_0122b	0	0	1	0
OA19APPR_0216a	0	0	1	0
OA19APPR_0216b	0	0	1	0
OA19CORH_0206a	0	1	0	0
OA19CORH_0206b	0	1	0	0
OA19CORH_0214a	0	1	0	0
OA19CORH_0214b	0	1	0	0
OA19CORH_0222a	0	1	0	0
OA19CORH_0222b	0	1	0	0
OA19CORH_0230a	0	1	0	0
OA19CORH_0230b	0	1	0	0
OA19CORH_0238a	0	1	0	0
OA19CORH_0238b	0	1	0	0
OJ18_1105a	0	0	0	1
OJ18_1105b	0	0	0	1
OA19APPR_0105a	0	0	1	0
OA19APPR_0105b	0	0	1	0
OA19APPR_0176a	0	0	1	0
OA19APPR_0176b	0	0	1	0
OA19APPR_0217a	0	0	1	0
OA19APPR_0217b	0	0	1	0
OJ18_0350a	0	0	0	1
OJ18_0350b	0	0	0	1
OJ18_0630a	0	0	0	1
OJ18_0630b	0	0	0	1
OA19CORH_0207a	0	1	0	0
OA19CORH_0207b	0	1	0	0
OA19CORH_0215a	0	1	0	0
OA19CORH_0215b	0	1	0	0
OA19CORH_0223a	0	1	0	0
OA19CORH_0223b	0	1	0	0
OA19CORH_0231a	0	1	0	0
OA19CORH_0231b	0	1	0	0
OA19CORH_0239a	0	1	0	0
OA19CORH_0239b	0	1	0	0
OJ19_0283a	0	0	0	1
OJ19_0283b	0	0	0	1
OJ19_0291a	0	0	0	1
OJ19_0291b	0	0	0	1
OJ19_0299a	0	0	0	1
OJ19_0299b	0	0	0	1
OJ19_0307a	0	0	0	1
OJ19_0307b	0	0	0	1
OJ19_0315a	0	0	0	1
OJ19_0315b	0	0	0	1
OJ19_0323a	0	0	0	1
OJ19_0323b	0	0	0	1
OJ19_0327a	0	0	0	1
OJ19_0327b	0	0	0	1
OJ19_0331a	0	0	0	1
OJ19_0331b	0	0	0	1
OJ19_0284a	0	0	0	1
OJ19_0284b	0	0	0	1
OJ19_0300a	0	0	0	1
OJ19_0300b	0	0	0	1
OJ19_0308a	0	0	0	1
OJ19_0308b	0	0	0	1
OJ19_0316a	0	0	0	1
OJ19_0316b	0	0	0	1
OJ19_0324a	0	0	0	1
OJ19_0324b	0	0	0	1
OJ19_0285a	0	0	0	1
OJ19_0285b	0	0	0	1
OJ19_0293a	0	0	0	1
OJ19_0293b	0	0	0	1
OJ19_0301a	0	0	0	1
OJ19_0301b	0	0	0	1
OJ19_0309a	0	0	0	1
OJ19_0309b	0	0	0	1
OJ19_0317a	0	0	0	1
OJ19_0317b	0	0	0	1
OJ19_0325a	0	0	0	1
OJ19_0325b	0	0	0	1
OJ19_0030a	0	0	0	1
OJ19_0030b	0	0	0	1
OJ19_0190a	0	0	0	1
OJ19_0190b	0	0	0	1
OJ19_0286a	0	0	0	1
OJ19_0286b	0	0	0	1
OJ19_0294a	0	0	0	1
OJ19_0294b	0	0	0	1
OJ19_0302a	0	0	0	1
OJ19_0302b	0	0	0	1
OJ19_0310a	0	0	0	1
OJ19_0310b	0	0	0	1
OJ19_0318a	0	0	0	1
OJ19_0318b	0	0	0	1
OJ19_0326a	0	0	0	1
OJ19_0326b	0	0	0	1
OJ19_0050a	0	0	0	1
OJ19_0050b	0	0	0	1
OJ19_0210a	0	0	0	1
OJ19_0210b	0	0	0	1
OJ19_0287a	0	0	0	1
OJ19_0287b	0	0	0	1
OJ19_0295a	0	0	0	1
OJ19_0295b	0	0	0	1
OJ19_0303a	0	0	0	1
OJ19_0303b	0	0	0	1
OJ19_0319a	0	0	0	1
OJ19_0319b	0	0	0	1
OJ19_0070a	0	0	0	1
OJ19_0070b	0	0	0	1
OJ19_0288a	0	0	0	1
OJ19_0288b	0	0	0	1
OJ19_0296a	0	0	0	1
OJ19_0296b	0	0	0	1
OJ19_0304a	0	0	0	1
OJ19_0304b	0	0	0	1
OJ19_0312a	0	0	0	1
OJ19_0312b	0	0	0	1
OJ19_0320a	0	0	0	1
OJ19_0320b	0	0	0	1
OJ19_0328a	0	0	0	1
OJ19_0328b	0	0	0	1
OJ19_0289a	0	0	0	1
OJ19_0289b	0	0	0	1
OJ19_0297a	0	0	0	1
OJ19_0297b	0	0	0	1
OJ19_0305a	0	0	0	1
OJ19_0305b	0	0	0	1
OJ19_0313a	0	0	0	1
OJ19_0313b	0	0	0	1
OJ19_0321a	0	0	0	1
OJ19_0321b	0	0	0	1
OJ19_0329a	0	0	0	1
OJ19_0329b	0	0	0	1
OJ19_0298a	0	0	0	1
OJ19_0298b	0	0	0	1
OJ19_0306a	0	0	0	1
OJ19_0306b	0	0	0	1
OJ19_0314a	0	0	0	1
OJ19_0314b	0	0	0	1
OJ19_0322a	0	0	0	1
OJ19_0322b	0	0	0	1
OJ19_0330a	0	0	0	1
OJ19_0330b	0	0	0	1
OJ19_0290a	0	0	0	1
OJ19_0290b	0	0	0	1
OJ19_0189a	0	0	0	1
OJ19_0189b	0	0	0	1
OJ19_0197a	0	0	0	1
OJ19_0197b	0	0	0	1
OJ19_0205a	0	0	0	1
OJ19_0205b	0	0	0	1
OJ19_0213a	0	0	0	1
OJ19_0213b	0	0	0	1
OJ19_0221a	0	0	0	1
OJ19_0221b	0	0	0	1
OJ19_0229a	0	0	0	1
OJ19_0229b	0	0	0	1
OJ19_0233a	0	0	0	1
OJ19_0233b	0	0	0	1
OJ19_0237a	0	0	0	1
OJ19_0237b	0	0	0	1
OJ19_0245a	0	0	0	1
OJ19_0245b	0	0	0	1
OJ19_0253a	0	0	0	1
OJ19_0253b	0	0	0	1
OJ19_0261a	0	0	0	1
OJ19_0261b	0	0	0	1
OJ19_0269a	0	0	0	1
OJ19_0269b	0	0	0	1
OJ19_0277a	0	0	0	1
OJ19_0277b	0	0	0	1
OJ19_0198a	0	0	0	1
OJ19_0198b	0	0	0	1
OJ19_0206a	0	0	0	1
OJ19_0206b	0	0	0	1
OJ19_0214a	0	0	0	1
OJ19_0214b	0	0	0	1
OJ19_0222a	0	0	0	1
OJ19_0222b	0	0	0	1
OJ19_0230a	0	0	0	1
OJ19_0230b	0	0	0	1
OJ19_0238a	0	0	0	1
OJ19_0238b	0	0	0	1
OJ19_0246a	0	0	0	1
OJ19_0246b	0	0	0	1
OJ19_0254a	0	0	0	1
OJ19_0254b	0	0	0	1
OJ19_0262a	0	0	0	1
OJ19_0262b	0	0	0	1
OJ19_0270a	0	0	0	1
OJ19_0270b	0	0	0	1
OJ19_0278a	0	0	0	1
OJ19_0278b	0	0	0	1
OJ19_0191a	0	0	0	1
OJ19_0191b	0	0	0	1
OJ19_0207a	0	0	0	1
OJ19_0207b	0	0	0	1
OJ19_0215a	0	0	0	1
OJ19_0215b	0	0	0	1
OJ19_0223a	0	0	0	1
OJ19_0223b	0	0	0	1
OJ19_0231a	0	0	0	1
OJ19_0231b	0	0	0	1
OJ19_0239a	0	0	0	1
OJ19_0239b	0	0	0	1
OJ19_0247a	0	0	0	1
OJ19_0247b	0	0	0	1
OJ19_0255a	0	0	0	1
OJ19_0255b	0	0	0	1
OJ19_0263a	0	0	0	1
OJ19_0263b	0	0	0	1
OJ19_0271a	0	0	0	1
OJ19_0271b	0	0	0	1
OJ19_0279a	0	0	0	1
OJ19_0279b	0	0	0	1
OJ19_0200a	0	0	0	1
OJ19_0200b	0	0	0	1
OJ19_0208a	0	0	0	1
OJ19_0208b	0	0	0	1
OJ19_0216a	0	0	0	1
OJ19_0216b	0	0	0	1
OJ19_0232a	0	0	0	1
OJ19_0232b	0	0	0	1
OJ19_0240a	0	0	0	1
OJ19_0240b	0	0	0	1
OJ19_0248a	0	0	0	1
OJ19_0248b	0	0	0	1
OJ19_0256a	0	0	0	1
OJ19_0256b	0	0	0	1
OJ19_0264a	0	0	0	1
OJ19_0264b	0	0	0	1
OJ19_0272a	0	0	0	1
OJ19_0272b	0	0	0	1
OJ19_0280a	0	0	0	1
OJ19_0280b	0	0	0	1
OJ19_0209a	0	0	0	1
OJ19_0209b	0	0	0	1
OJ19_0217a	0	0	0	1
OJ19_0217b	0	0	0	1
OJ19_0241a	0	0	0	1
OJ19_0241b	0	0	0	1
OJ19_0249a	0	0	0	1
OJ19_0249b	0	0	0	1
OJ19_0257a	0	0	0	1
OJ19_0257b	0	0	0	1
OJ19_0265a	0	0	0	1
OJ19_0265b	0	0	0	1
OJ19_0273a	0	0	0	1
OJ19_0273b	0	0	0	1
OJ19_0281a	0	0	0	1
OJ19_0281b	0	0	0	1
OJ19_0194a	0	0	0	1
OJ19_0194b	0	0	0	1
OJ19_0202a	0	0	0	1
OJ19_0202b	0	0	0	1
OJ19_0218a	0	0	0	1
OJ19_0218b	0	0	0	1
OJ19_0226a	0	0	0	1
OJ19_0226b	0	0	0	1
OJ19_0234a	0	0	0	1
OJ19_0234b	0	0	0	1
OJ19_0242a	0	0	0	1
OJ19_0242b	0	0	0	1
OJ19_0250a	0	0	0	1
OJ19_0250b	0	0	0	1
OJ19_0258a	0	0	0	1
OJ19_0258b	0	0	0	1
OJ19_0266a	0	0	0	1
OJ19_0266b	0	0	0	1
OJ19_0274a	0	0	0	1
OJ19_0274b	0	0	0	1
OJ19_0282a	0	0	0	1
OJ19_0282b	0	0	0	1
OJ19_0195a	0	0	0	1
OJ19_0195b	0	0	0	1
OJ19_0203a	0	0	0	1
OJ19_0203b	0	0	0	1
OJ19_0211a	0	0	0	1
OJ19_0211b	0	0	0	1
OJ19_0219a	0	0	0	1
OJ19_0219b	0	0	0	1
OJ19_0227a	0	0	0	1
OJ19_0227b	0	0	0	1
OJ19_0235a	0	0	0	1
OJ19_0235b	0	0	0	1
OJ19_0259a	0	0	0	1
OJ19_0259b	0	0	0	1
OJ19_0267a	0	0	0	1
OJ19_0267b	0	0	0	1
OJ19_0275a	0	0	0	1
OJ19_0275b	0	0	0	1
OJ19_0196a	0	0	0	1
OJ19_0196b	0	0	0	1
OJ19_0204a	0	0	0	1
OJ19_0204b	0	0	0	1
OJ19_0212a	0	0	0	1
OJ19_0212b	0	0	0	1
OJ19_0220a	0	0	0	1
OJ19_0220b	0	0	0	1
OJ19_0228a	0	0	0	1
OJ19_0228b	0	0	0	1
OJ19_0236a	0	0	0	1
OJ19_0236b	0	0	0	1
OJ19_0244a	0	0	0	1
OJ19_0244b	0	0	0	1
OJ19_0252a	0	0	0	1
OJ19_0252b	0	0	0	1
OJ19_0260a	0	0	0	1
OJ19_0260b	0	0	0	1
OJ19_0268a	0	0	0	1
OJ19_0268b	0	0	0	1