/Users/ddayan/Science/programs/fastPHASE -n ./genotype_data_2021/chr28.fastphase 
874303804	-4192.987937
1340921054	-4177.393009
1166762960	-4184.568566
1111887963	-4172.039805
98297947	-4179.609427
678670686	-4180.266661
1132570385	-4176.047858
1962897334	-4186.690050
771707324	-4180.797223
1431250235	-4169.221524
1058369598	-4177.300538
410785485	-4168.950032
2059204937	-4187.976308
210921107	-4182.193170
1603027799	-4180.303222
1905866178	-4184.460225
26774994	-4179.990777
1183241935	-4185.538756
1048630325	-4176.691493
2079064993	-4193.090290
